128
144 110880
160 166320
168 221760
180 277200
192 332640
200 498960
216 554400
216 654400
216 655200
224 665280
240 720720
240 820720
240 831600
240 931600
240 942480
256 1081080
256 1181080
252 1208800
252 1310400
256 1330560
288 1441440
288 1541440
252 1552320
256 1572480
288 1663200
288 1763200
256 1770760
288 1801800
288 2065600
280 2095840
288 2106720
320 2162160
320 2262160
288 2327680
288 2328480
300 2494800
300 2594800
320 2827440
336 2882880
336 2982880
300 3048400
320 3160080
336 3326400
336 3426400
320 3441520
300 3492720
300 3592720
360 3603600
360 3703600
320 3734640
336 3769920
336 3869920
324 3880800
336 3931200
336 4031200
336 4213440
336 4313440
384 4324320
384 4424320
324 4435200
336 4455360
336 4555360
324 4586400
336 4656960
360 4712400
360 4812400
336 4904800
336 4979520
360 4989600
360 5145040
336 5240800
324 5241600
360 5266800
360 5366800
384 5405400
384 5505400
360 5569200
384 5654880
384 5754880
384 5765760
384 5865760
360 5996800
384 6126120
384 6226120
384 6320160
384 6420160
360 6475600
400 6486480
400 6586480
360 6597360
384 6652800
384 6783040
336 6826720
384 6846840
384 6946840
360 6979600
360 6985440
384 7068600
384 7168600
336 7176160
336 7197120
432 7207200
432 7307200
336 7318080
360 7373520
384 7469280
384 7750720
378 7761600
378 7861600
384 7862400
384 8000200
384 8168160
384 8268160
384 8288280
400 8482320
400 8582320
360 8593200
448 8648640
448 8748640
384 8910720
384 9289180
384 9313920
432 9424800
432 9524800
400 9580240
420 9979200
420 10079200
432 10090080
432 10190080
384 10200960
384 10411840
384 10450440
432 10533600
432 10633600
384 10681480
360 10702900
352 10744480
360 10795680
480 10810800
480 10910800
384 10938520
360 10977120
384 11007360
432 11138400
432 11238400
400 11303920
448 11309760
448 11409760
400 11476080
432 11531520
432 11631520
432 11642400
432 11742400
420 11793600
420 11893600
480 12252240
480 12352240
432 12448800
432 12548800
400 12574000
432 12612600
448 12640320
448 12740320
432 12751200
432 12851200
480 12972960
480 13072960
432 13194720
432 13294720
432 13305600
448 13366080
448 13466080
400 13562640
400 13662640
480 13693680
480 13793680
432 13859200
420 13970880
420 14070880
480 14137200
480 14237200
504 14414400
504 14514400
400 14569840
400 14651280
432 14747040
432 14847040
448 14938560
448 15038560
432 15068800
432 15069600
480 15135120
480 15235120
448 15301440
448 15401440
432 15415300
420 15422400
420 15522400
432 15523200
432 15693760
432 15724800
480 15800400
480 15900400
432 15955840
400 15966720
400 16066720
384 16075960
432 16077600
432 16177600
480 16216200
480 16316200
448 16336320
448 16436320
432 16493400
480 16576560
480 16676560
480 16707600
480 16807600
432 16816800
432 16953760
480 16964640
480 17064640
400 17100720
432 17117100
432 17286400
512 17297280
512 17397280
432 17428320
450 17463600
450 17563600
432 17603200
400 17606160
432 17690400
432 17790400
432 17821440
480 17907120
480 18007120
480 18018000
480 18118000
448 18183520
448 18258240
448 18358240
512 18378360
512 18478360
432 18533800
432 18627840
480 18673200
480 18773200
432 18838720
504 18849600
504 18949600
480 18960480
480 19060480
432 19100800
480 19126800
480 19226800
448 19293120
448 19393120
432 19404000
480 19459440
480 19559440
448 19635040
448 19656000
448 19756000
480 19792080
480 19892080
480 19958400
480 20149120
504 20180160
504 20280160
432 20311200
480 20420400
480 20520400
512 20540520
512 20640520
450 20738800
432 20834560
420 20865600
480 20900880
480 21000880
448 21003840
504 21067200
504 21167200
480 21305800
400 21312720
405 21344400
432 21441420
432 21541420
420 21591360
576 21621600
576 21721600
480 21777040
432 21785400
432 21885400
400 21918160
420 21954240
432 21991200
448 22102080
480 22120560
480 22220560
432 22276000
504 22276800
504 22376800
480 22507840
432 22508640
480 22604400
512 22619520
512 22719520
480 22802680
480 22822800
480 22922800
432 22932000
480 22952160
480 23052160
480 23063040
480 23163040
432 23273920
504 23284800
504 23384800
480 23390640
480 23490640
480 23562000
480 23687200
480 23700600
480 23883760
448 23976160
448 24024000
480 24116400
480 24216400
480 24227280
480 24327280
448 24373440
480 24418800
576 24504480
576 24604480
448 24615360
448 24715360
512 24864840
512 24964840
504 24997600
480 25048000
480 25061400
480 25161400
540 25225200
540 25325200
512 25380640
405 25401600
480 25446960
504 25502400
504 25602400
480 25618320
480 25718320
480 25779600
480 25879600
560 25945920
560 26045920
480 26142480
480 26242480
480 26254800
504 26389440
504 26489440
448 26529760
432 26553700
432 26560800
480 26611200
512 26732160
512 26832160
512 26860680
512 26960680
450 26989200
512 27027000
512 27127000
480 27225280
432 27265600
448 27276480
480 27331920
576 27387360
576 27487360
504 27518400
504 27618400
480 27727600
480 27846000
480 28208080
448 28217280
576 28274400
576 28374400
432 28404640
448 28416960
480 28440720
480 28790200
448 28828000
576 28828800
576 28928800
480 28939680
480 29039680
448 29090880
480 29106000
480 29206000
480 29216880
480 29443600
480 29484000
504 29494080
504 29594080
480 29659600
432 29685600
480 29688120
480 29788120
448 29789760
480 29845200
512 29877120
512 29977120
504 30037600
480 30073680
504 30139200
504 30239200
480 30259360
450 30264400
576 30270240
576 30370240
432 30384100
400 30394000
432 30401280
480 30466800
512 30602880
576 30630600
576 30730600
480 30769200
486 31046400
486 31146400
504 31187520
504 31287520
512 31351320
512 31451320
576 31600800
576 31700800
504 31711680
512 31744440
512 31844440
448 31872960
480 31878000
480 32051920
504 32155200
504 32255200
480 32301360
480 32401360
448 32403040
600 32432400
600 32532400
512 32615560
504 32658400
512 32672640
512 32772640
448 32864832
448 32964832
540 32986800
540 33086800
480 33137200
576 33153120
576 33253120
512 33264000
512 33364000
576 33415200
576 33515200
512 33613480
504 33633600
504 33733600
480 33862960
480 33873840
560 33929280
560 34029280
480 34095600
576 34234200
576 34334200
504 34372800
504 34472800
576 34594560
576 34694560
432 34710400
432 34725600
480 34760880
504 34856640
540 34927200
540 35027200
504 35106400
480 35185960
448 35212000
480 35212320
512 35343000
512 35443000
504 35480800
480 35621200
480 35642880
504 35703360
504 35803360
576 35814240
576 35914240
504 35985600
576 36036000
576 36136000
512 36167040
512 36267040
480 36274600
448 36279360
512 36340920
512 36440920
480 36463600
450 36514800
512 36516480
512 36616480
504 36690400
486 36691200
640 36756720
640 36856720
540 36867600
540 36967600
480 37165600
480 37237200
576 37346400
576 37446400
504 37477440
504 37577440
480 37674000
576 37699200
576 37799200
576 37837800
576 37937800
560 38020960
504 38101600
448 38141920
448 38170440
480 38198160
576 38253600
576 38353600
480 38372400
512 38427480
512 38527480
480 38538400
480 38556000
512 38586240
512 38686240
480 38778640
512 38798760
512 38898760
504 38908000
576 38918880
576 39018880
540 39084400
512 39170080
504 39224800
512 39312000
512 39412000
504 39412800
512 39501000
576 39584160
576 39684160
540 39739600
480 39744640
432 39755520
448 39783744
480 39836160
540 39916800
540 40016800
560 40098240
560 40198240
504 40219200
504 40319200
576 40360320
576 40460320
480 40478800
448 40492000
480 40526640
504 40622400
504 40722400
576 40840800
576 40940800
512 40997880
640 41081040
640 41181040
512 41247360
540 41277600
540 41377600
480 41383440
576 41441400
576 41541400
504 41569120
480 41580000
512 41769000
576 41801760
576 41901760
504 41912640
512 42007680
512 42107680
576 42134400
576 42234400
504 42294880
576 42325920
600 42411600
600 42511600
480 42522480
480 42622480
480 42625440
486 42688800
486 42788800
480 42851800
432 42873600
576 42882840
576 42982840
512 43048360
480 43066000
480 43076880
672 43243200
672 43343200
576 43354080
576 43454080
480 43539760
540 43570800
540 43670800
512 43825320
512 43925320
504 43982400
504 44149600
512 44204160
576 44241120
576 44341120
512 44424280
576 44553600
576 44653600
576 44684640
576 44867800
560 44915680
504 45006400
504 45017280
504 45117280
480 45145000
576 45208800
576 45339040
600 45405360
600 45505360
504 45560800
504 45581760
512 45601920
576 45645600
576 45745600
512 45821160
560 45904320
576 45945900
576 46045900
528 46126080
528 46226080
504 46267200
504 46447840
512 46486440
576 46569600
576 46669600
512 46683000
576 46781280
576 46881280
540 46946800
512 46949760
512 47066920
576 47124000
576 47224000
540 47274400
512 47295360
512 47395360
600 47401200
600 47501200
576 47567520
576 47667520
504 47678400
512 47752320
512 47917000
576 47927880
576 48027880
512 48048000
512 48148000
504 48221920
576 48232800
576 48332800
512 48452040
576 48454560
576 48554560
504 48584800
576 48648600
576 48748600
576 48837600
576 48937600
512 48981240
672 49008960
672 49108960
504 49156800
512 49230720
512 49330720
576 49480200
576 49580200
504 49633120
480 49655800
504 49694400
640 49729680
640 49829680
576 49895200
560 49896000
560 49996000
600 50122800
600 50222800
480 50374000
448 50379840
480 50425200
648 50450400
648 50550400
576 50561280
576 50661280
512 50810760
576 50893920
576 50993920
576 51004800
576 51104800
512 51151000
576 51236640
576 51336640
576 51351300
576 51451300
512 51508000
576 51559200
576 51659200
504 51710400
512 51793560
540 51836400
640 51891840
640 51991840
504 52079200
480 52088400
504 52113600
504 52213600
576 52252200
576 52384960
540 52390800
540 52490800
512 52492440
576 52509600
576 52609600
480 52612560
576 52668000
576 52768000
576 52778880
576 52878880
576 52907400
576 53007400
512 53072920
528 53222400
528 53322400
576 53333280
576 53433280
480 53434080
576 53464320
576 53655040
640 53721360
640 53821360
504 53826400
540 53978400
640 54054000
640 54154000
576 54192600
576 54292600
560 54350560
504 54431200
512 54552960
512 54652960
576 54663840
576 54763840
672 54774720
672 54874720
540 54885600
540 54985600
576 55036800
640 55135080
640 55235080
576 55255200
576 55401400
512 55467720
540 55495440
540 55595440
576 55692000
576 55792000
512 55835680
576 55855800
576 55955800
540 55983520
480 56006200
480 56010240
600 56019600
600 56119600
512 56163240
576 56216160
576 56316160
540 56371600
512 56434560
672 56548800
672 56648800
480 56709280
480 56715120
540 56756700
540 56856700
576 56881440
576 56981440
576 57002400
576 57102400
512 57157000
576 57177120
576 57364480
600 57380400
600 57480400
512 57556000
648 57657600
648 57757600
480 57760560
512 57805440
560 57879360
560 57979360
576 58017960
576 58117960
512 58181760
576 58198140
576 58312000
480 58317840
560 58378320
576 58433760
576 58576600
560 58605120
576 58687200
576 58787200
512 58810752
512 58910752
560 58968000
576 58988160
576 59088160
576 59099040
576 59219200
600 59376240
600 59476240
576 59559400
512 59579520
576 59690400
576 59854240
576 59875200
576 59975200
504 59976000
504 60076000
576 60147360
576 60247360
540 60252400
576 60278400
576 60378400
540 60428800
512 60486040
672 60540480
672 60640480
576 60668200
512 60789960
512 60889960
576 60933600
576 61033600
512 61047000
576 61094880
576 61194880
576 61205760
720 61261200
720 61361200
504 61387200
512 61395840
512 61495840
576 61538400
640 61621560
640 61721560
540 61789600
560 61871040
560 61971040
576 61981920
576 62081920
540 62092800
576 62162100
576 62344000
500 62370000
576 62375040
576 62475040
512 62536320
512 62636320
576 62674920
640 62702640
640 62802640
448 62817760
512 62832000
528 62899200
528 62999200
560 63011520
576 63063000
576 63163000
672 63201600
672 63301600
576 63392320
512 63403240
576 63423360
640 63488880
640 63588880
576 63617400
576 63717400
504 63745120
512 63745920
576 63756000
576 63856000
512 63883720
576 63903840
576 64003840
540 64033200
576 64045800
576 64145800
504 64188640
504 64209600
504 64309600
576 64310400
576 64424260
512 64449000
512 64571680
576 64602720
576 64702720
512 64706080
504 64733760
512 64781640
720 64864800
720 64964800
486 65015200
640 65031120
640 65131120
576 65216800
512 65297440
576 65308320
576 65456200
504 65519200
512 65552760
540 65585520
540 65685520
512 65829664
504 65862720
512 65945880
648 65973600
648 66073600
576 66074400
576 66174400
512 66186120
512 66286120
672 66306240
672 66406240
600 66461680
540 66502800
576 66512160
576 66628000
512 66648960
576 66666600
576 66766600
672 66830400
672 66930400
576 66943800
640 67026960
640 67126960
504 67132000
576 67151700
576 67367200
576 67387320
576 67487320
528 67515040
576 67525920
576 67625920
512 67716640
504 67736800
576 67747680
600 67813200
640 67858560
640 67958560
512 68041720
504 68053600
576 68108040
576 68291200
486 68302080
512 68315520
576 68329800
720 68468400
720 68568400
512 68601160
504 68612544
512 68643960
512 68743960
576 68745600
576 68956480
576 69058080
576 69158080
640 69189120
640 69289120
512 69372280
504 69400800
576 69521760
576 69621760
512 69652000
576 69669600
576 69843520
630 69854400
630 69954400
576 70012800
576 70112800
540 70131600
600 70171920
600 70271920
576 70370200
560 70424640
576 70450380
640 70686000
640 70786000
576 70861600
512 70914520
560 70943040
576 71042400
576 71201800
512 71211040
512 71245440
528 71285760
600 71351280
600 71451280
672 71628480
672 71728480
512 71760160
540 71794800
576 71891820
576 72071200
672 72072000
672 72172000
576 72182880
600 72349200
600 72449200
540 72499600
512 72532360
512 72558720
540 72570960
540 72670960
640 72681840
640 72781840
576 72827200
512 72885120
512 72985120
540 73029600
576 73032960
576 73142200
576 73153080
600 73256400
600 73356400
512 73359000
540 73382400
540 73482400
768 73513440
768 73613440
504 73684800
648 73735200
648 73835200
560 73846080
576 73873800
576 74056960
576 74070360
576 74170360
540 74320300
512 74421280
504 74470240
576 74474400
640 74594520
672 74692800
672 74792800
576 74844000
576 75054880
504 75128800
576 75184200
576 75284200
576 75315240
648 75398400
648 75498400
512 75555480
512 75655480
720 75675600
720 75775600
512 75798280
504 75841120
640 75841920
640 75941920
576 75969640
576 76003200
576 76103200
512 76267000
504 76290400
486 76304800
560 76340880
576 76368600
576 76496320
672 76507200
672 76607200
576 76676500
576 76744800
576 76844800
640 76854960
640 76954960
528 76976800
512 77023000
512 77051520
540 77086800
560 77112000
576 77172480
576 77282560
576 77283360
600 77338800
600 77438800
576 77457280
576 77477400
576 77577400
640 77597520
640 77697520
576 77716000
576 77754600
672 77837760
672 77937760
576 77948640
648 77968800
648 78068800
504 78091200
576 78140160
576 78349600
576 78378300
600 78427440
600 78527440
576 78624000
576 78724000
504 78724800
576 78738660
600 78764400
600 78864400
576 78925600
640 79002000
640 79102000
672 79168320
672 79268320
648 79279200
648 79379200
576 79461100
540 79556400
576 79639560
576 79782400
576 79803360
600 79833600
600 79933600
576 79979800
640 79999920
640 80099920
540 80110800
640 80196480
640 80296480
600 80332560
600 80432560
640 80582040
640 80682040
576 80689600
648 80720640
648 80820640
576 80857600
512 80884000
540 80917200
576 81053280
640 81081000
640 81181000
540 81208720
576 81244800
576 81496000
576 81496800
576 81596800
528 81607680
576 81635400
672 81681600
672 81781600
504 81806400
560 81829440
560 81929440
512 81967240
486 81981900
640 81995760
640 82095760
576 82151200
768 82162080
768 82262080
540 82328400
576 82424160
630 82555200
630 82655200
576 82702620
576 82866880
720 82882800
720 82982800
576 83038240
540 83052100
576 83140200
576 83240200
576 83243160
576 83411200
540 83437200
640 83538000
672 83603520
672 83703520
576 83783700
576 83925280
504 83966400
576 84015360
576 84257920
648 84268800
648 84368800
600 84424240
576 84507400
576 84520800
576 84620800
512 84640456
672 84651840
672 84751840
576 84784600
576 84795480
720 84823200
720 84923200
540 84948400
512 85008000
576 85044960
576 85144960
512 85196440
512 85239000
560 85250880
576 85307040
600 85503600
600 85603600
576 85685500
720 85765680
720 85865680
640 85896720
640 85996720
576 86032000
512 86054176
576 86070600
576 86253760
560 86284000
576 86322600
576 86475520
768 86486400
768 86586400
512 86651080
672 86708160
672 86808160
576 86819040
576 87002200
576 87026940
576 87126940
648 87141600
648 87241600
576 87279400
600 87318000
600 87418000
576 87503680
576 87516000
576 87616000
640 87650640
640 87750640
540 87814900
540 87816960
576 87907680
600 88030800
600 88130800
576 88249600
576 88288200
576 88388200
576 88408320
672 88482240
672 88582240
576 88593120
640 88648560
640 88748560
600 88778800
528 88804000
576 88828740
576 88988800
576 89008920
648 89107200
648 89207200
648 89258400
648 89358400
672 89369280
672 89469280
720 89535600
720 89635600
640 89731360
576 89764120
588 89812800
588 89912800
576 89949760
576 89964000
600 90090000
600 90190000
560 90221040
576 90228600
576 90353800
672 90417600
672 90517600
640 90578080
576 90588960
576 90688960
576 90698400
576 90798400
720 90810720
720 90910720
576 91021600
512 91065160
576 91106400
672 91291200
672 91391200
600 91400400
600 91500400
576 91576000
512 91598680
512 91634760
640 91642320
640 91742320
640 91808640
768 91891800
768 91991800
528 92029600
512 92077440
540 92080800
560 92093760
576 92121120
600 92307600
600 92407600
576 92634400
560 92664000
576 92695680
576 92795680
576 92806560
640 92972880
640 93072880
512 93091360
512 93093000
576 93117024
648 93139200
648 93239200
600 93305520
640 93366000
640 93466000
576 93531520
672 93562560
672 93662560
648 93693600
648 93793600
560 93804480
576 93899520
640 93933840
640 94033840
640 94053960
640 94153960
512 94174080
672 94248000
672 94348000
600 94348800
600 94448800
576 94694500
576 94723200
720 94802400
720 94902400
600 94938480
600 95038480
576 95104000
576 95104800
672 95135040
672 95235040
640 95333320
504 95356000
576 95356800
576 95604640
560 95618880
640 95634000
640 95734000
720 95855760
720 95955760
540 95961600
576 96068700
576 96232960
576 96243840
576 96414400
528 96445440
672 96465600
672 96565600
576 96796600
560 96807520
504 96882400
640 96904080
672 96909120
672 97009120
576 97096900
576 97100640
576 97200640
540 97296400
720 97297200
720 97397200
640 97546680
640 97646680
540 97674400
672 97675200
672 97775200
560 97796160
576 97812000
576 97912000
540 97952400
640 97962480
768 98017920
768 98117920
576 98128800
576 98228800
560 98280000
576 98313600
576 98632000
560 98694496
540 98707600
512 98709280
576 98760480
576 98921800
528 98941600
720 98960400
720 99060400
600 99111600
600 99211600
576 99279180
576 99379180
576 99388800
768 99459360
768 99559360
648 99590400
648 99690400
640 99768240
640 99892000
576 99902880
51281274340 ( 64247ms )
